0.1404009
0.0312002
0.0312002
0.0312002
0.0468003
0.0156001
0.0624004
0.0312002
0.0624004
0.4368028
0.0156001
0.0156001
0.0624004
0.0312002
0.0312002
0.0156001
0.0156001
0.0468003
0.0
0.0312002
0.0156001
0.0312002
0.0156001
0.0156001
0.0156001
0.0156001
0.0156001
0.0312002
0.0312002
0.0156001
0.0156001
0.0156001
0.0
0.0156001
0.0312002
0.0468003
0.0
0.0312002
0.0312002
0.0468003
0.0156001
0.0156001
0.0312002
0.0156001
0.0156001
0.0312002
0.0156001
0.0156001
0.0156001
0.0156001
0.2808018
0.0156001
0.0156001
0.0156001
0.0468003
0.0156001
0.0312002
0.0156001
0.0156001
0.0468003
0.0156001
0.0156001
0.4368028
0.0312002
0.0312002
0.0156001
0.0156001
0.0312002
0.0468003
0.0156001
0.0312002
0.0156001
0.0312002
0.0312002
0.0312002
0.0
0.0312002
0.0312002
0.0312002
0.0468003
0.0312002
0.0156001
0.0156001
0.0156001
0.0156001
0.0156001
0.0
0.0468003
0.0156001
0.4212027
0.0312002
0.0312002
0.0312002
0.0468003
0.0156001
0.0156001
0.0468003
0.0
0.0312002
0.0156001
