0.0780005
0.0468003
0.1872012
0.0312002
0.0468003
0.0
0.0936006
0.1716011
0.0624004
0.1404009
0.0468003
0.0780005
0.1092007
0.0624004
0.0468003
0.0468003
0.0624004
0.0780005
0.0312002
0.0468003
0.0780005
0.0
0.0312002
0.0312002
0.0624004
0.0156001
0.156001
0.0156001
0.0936006
0.1248008
0.1092007
0.0312002
0.0780005
0.0156001
0.1716011
0.0156001
0.1092007
0.2184014
0.0312002
0.1404009
0.0780005
0.0312002
0.0468003
0.0156001
0.1248008
0.0312002
0.1248008
0.1716011
0.0624004
0.1404009
0.0780005
0.0312002
0.0624004
0.0468003
0.156001
0.0780005
0.0156001
0.0312002
0.0780005
0.0156001
0.1248008
0.2184014
0.1092007
0.0312002
0.0312002
0.0312002
0.0624004
0.2340015
0.0624004
0.0156001
0.0312002
0.0780005
0.0468003
0.0624004
0.0468003
0.0312002
0.0780005
0.0312002
0.0468003
0.0936006
0.0312002
0.0468003
0.0468003
0.1248008
0.1248008
0.2652017
0.0468003
0.0312002
0.2028013
0.1092007
0.0936006
0.0780005
0.1404009
0.0312002
0.1872012
0.0312002
0.0156001
0.0780005
0.1092007
0.0468003
