0.0156001
0.0156001
0.0156001
0.0312002
0.0312002
0.0312002
0.0156001
0.0156001
0.0156001
0.0312002
0.0312002
0.0312002
0.0156001
0.0156001
0.0312002
0.0156001
0.0156001
0.0156001
0.0156001
0.0312002
0.0156001
0.0156001
0.0468003
0.0312002
0.0156001
0.0156001
0.0156001
0.0156001
0.0156001
0.0312002
0.0156001
0.0312002
0.0312002
0.0156001
0.0156001
0.0312002
0.0312002
0.2652017
0.0312002
0.1092007
0.0156001
0.0468003
0.0312002
0.0312002
0.0312002
0.0156001
0.0156001
1.0764069
0.0156001
0.4212027
0.0
0.0312002
0.0156001
0.0156001
0.0156001
0.0312002
0.0312002
0.0
0.0156001
0.0156001
0.0312002
0.0468003
0.0312002
0.1248008
0.0156001
0.0156001
0.0312002
0.0312002
0.0156001
0.0312002
0.0312002
0.0156001
0.0312002
0.0468003
0.0312002
0.0312002
0.1092007
0.0
0.0312002
0.0156001
0.0312002
0.0312002
0.0156001
0.0312002
0.0156001
0.9672062
0.0156001
0.0156001
0.0156001
0.0156001
0.0312002
0.0312002
0.9516061
0.0312002
0.0312002
0.0156001
0.0
0.7176046
0.0156001
0.0156001
