0.8892057
0.468003
0.3432022
0.5304034
0.3900025
0.4992032
0.3900025
0.5928038
0.9204059
0.4212027
0.4212027
0.4836031
0.5616036
1.248008
0.3276021
0.3900025
8.7204559
0.5616036
0.780005
0.7332047
0.7020045
0.936006
0.4212027
0.6552042
0.8424054
0.5460035
0.4992032
0.5460035
0.2652017
0.8424054
0.3432022
0.8892057
0.5460035
0.7020045
0.7176046
0.7488048
0.4212027
0.7020045
0.8892057
0.4524029
0.468003
0.6864044
0.8268053
0.5460035
0.5772037
1.3104084
0.5772037
0.7332047
0.5304034
0.4524029
0.5928038
0.9984064
0.6084039
0.468003
0.4368028
0.4368028
0.3432022
0.3276021
0.468003
2.2932147
0.3432022
0.3900025
0.7176046
0.468003
0.4212027
0.3744024
4.6332297
0.5616036
0.5772037
0.4368028
0.3744024
0.4212027
0.8424054
0.4056026
0.4056026
0.2652017
0.780005
0.312002
0.3744024
1.0140065
1.2948083
0.9672062
0.4524029
0.3432022
0.3276021
0.7644049
0.4056026
0.312002
0.4524029
0.3900025
0.8892057
0.5304034
0.4836031
0.4212027
0.6552042
0.7956051
0.4836031
0.5616036
0.3588023
0.3744024
