0.5148033
0.5304034
0.3276021
0.8892057
0.9828063
0.3588023
0.468003
0.8112052
0.312002
0.7176046
0.5460035
0.6084039
0.5616036
0.4368028
0.6552042
0.2964019
0.6084039
0.3744024
0.4524029
1.1076071
0.4992032
0.4836031
0.4524029
0.312002
0.6552042
8.0028513
0.3432022
0.6708043
0.4992032
0.5460035
0.4368028
0.5928038
8.6424554
0.8580055
0.312002
1.4352092
0.936006
0.5772037
0.2808018
0.6396041
0.7644049
0.6864044
0.6552042
0.4524029
0.7176046
0.5928038
0.9204059
0.9828063
0.4368028
0.4992032
0.4056026
0.3432022
0.7176046
0.624004
0.468003
0.8268053
0.5304034
0.4992032
0.312002
0.624004
0.5148033
0.3588023
0.468003
0.8580055
0.4368028
0.6396041
0.780005
0.9204059
0.5304034
0.2652017
4.9452317
0.2652017
0.3900025
0.4836031
0.4524029
0.2964019
0.2964019
0.7644049
0.5304034
0.3276021
0.9672062
0.5148033
0.3900025
0.4836031
0.3588023
0.936006
0.8892057
0.2808018
0.2808018
0.2808018
0.4212027
0.2340015
0.5460035
0.4524029
0.3900025
0.6396041
0.624004
0.3900025
0.9204059
0.5772037
