64.5688139
1.8252117
63.9292098
50.8251258
6.3024404
34.2890198
2.0124129
54.1167469
9.7812627
64.0696107
51.8547324
18.1897166
63.1336047
42.3542715
63.96041
63.3988064
37.2218386
35.1314252
63.9136097
8.8140565
63.2116052
15.7717011
29.484189
63.3988064
43.2590773
27.1285739
19.7653267
12.0276771
62.5876012
62.4160001
48.3135097
27.1129738
10.2024654
7.6908493
44.6318861
39.9518561
8.8452567
63.3520061
50.2479221
0.3900025
63.336406
13.3692857
63.6172078
12.0744774
8.9544574
6.3024404
13.3848858
31.5902025
1.1856076
63.9760101
20.5765319
22.0897416
40.2014577
11.8092757
15.7405009
2.4336156
63.4144065
63.492407
52.572337
63.5860076
64.0696107
63.5548074
19.6249258
63.1648049
2.3712152
63.6016077
32.2454067
63.8200091
40.5758601
63.6016077
5.0856326
64.6468144
21.7777396
57.6111693
64.0072103
63.9448099
63.336406
10.4832672
63.7420086
9.7812627
25.0693607
63.6172078
54.2571478
64.0228104
63.804409
64.0852108
10.0776646
63.7420086
63.2272053
14.4924929
63.6796082
5.7564369
18.0649158
63.5860076
28.2673812
63.2116052
17.3473112
3.4008218
7.7220495
63.4144065
