19.0477221
60.2475862
20.2645299
60.2787864
60.4815877
46.4726979
60.528388
41.9954692
60.8559901
25.6933647
44.5226854
18.252117
59.8887839
35.100225
8.8452567
23.1349483
33.6494157
22.9477471
2.7456176
1.3728088
7.1136456
1.1544074
59.4519811
24.2269553
59.7171828
59.3115802
16.6297066
37.0658376
30.1705934
59.3895807
20.4517311
59.2023795
48.5319111
32.6510093
59.8419836
53.1339406
60.5595882
53.352342
60.2631863
15.0072962
60.7779896
22.8541465
59.904384
59.5143815
31.4810018
17.6437131
33.1970128
56.3943615
8.0808518
8.2524529
59.8263835
8.5644549
59.5143815
11.3256726
28.9069853
55.1619536
59.904384
5.148033
53.1183405
6.2712402
56.6439631
62.2755992
10.4832672
62.2911993
16.068103
39.8426554
33.2438131
61.620395
3.6816236
19.4845249
61.6047949
8.2056526
61.0899916
61.0899916
39.0626504
62.2599991
58.9215777
61.2303925
54.4755492
12.7140815
60.528388
51.0903275
37.4870403
38.2982455
62.2287989
14.0244899
61.7451958
56.0355592
3.0576196
12.7764819
61.8543965
31.0909993
26.0677671
44.5850858
58.9059776
60.1539856
60.1227854
31.3718011
44.9750883
14.8668953
