1.3104084
0.0936006
0.0936006
0.0312002
0.0624004
0.0936006
0.0312002
0.0624004
1.7784114
0.0936006
0.2964019
1.0608068
0.0312002
0.0780005
1.56001
0.6708043
0.0780005
0.0312002
1.6692107
0.0468003
0.5304034
1.2948083
1.3416086
0.0624004
0.0312002
0.0624004
0.0468003
0.0624004
0.0468003
0.0468003
1.9188123
0.0624004
0.0156001
0.1092007
0.4836031
0.0468003
0.2496016
0.1404009
0.0624004
0.0624004
1.872012
0.1092007
0.0312002
0.0312002
0.1092007
0.0468003
0.0468003
0.0936006
0.0312002
0.0312002
0.0312002
0.0780005
0.4056026
0.0468003
0.0468003
0.0624004
1.092007
0.3744024
0.7176046
1.6848108
0.0156001
0.4212027
0.0624004
0.2496016
0.0780005
1.7628113
0.0156001
0.0468003
0.0780005
0.0156001
0.0312002
0.0312002
0.6084039
0.0624004
0.0468003
0.2808018
0.0312002
0.0468003
0.4524029
0.0312002
0.0312002
0.0780005
0.1248008
0.0780005
0.1248008
0.0468003
0.0468003
0.156001
0.0312002
0.0312002
0.5772037
0.0624004
0.1716011
0.0624004
0.0312002
0.0468003
0.0468003
1.7472112
0.0780005
0.0468003
