2.2152142
0.1404009
0.6396041
0.5616036
0.1092007
0.0624004
0.9984064
0.5772037
0.5928038
1.7784114
0.0936006
1.0764069
0.3432022
0.468003
0.4992032
0.156001
0.4212027
0.3432022
0.5460035
0.0936006
0.5772037
0.936006
0.780005
1.2324079
0.1092007
1.4352092
0.1404009
1.7004109
0.2028013
0.8892057
0.0936006
0.2028013
0.7488048
0.3900025
0.468003
0.0624004
0.2184014
1.1700075
0.8112052
0.624004
0.780005
1.1856076
0.2808018
1.4664094
0.5772037
0.468003
1.2168078
0.7176046
0.2184014
0.1404009
0.1872012
0.0624004
0.1404009
0.0780005
0.2496016
0.4056026
0.0468003
0.0468003
0.8424054
0.4836031
0.5928038
0.5460035
0.4836031
0.3588023
0.4212027
1.6380105
1.716011
0.2964019
0.780005
0.2184014
0.780005
0.2496016
0.2964019
0.468003
0.0780005
0.9672062
0.3744024
0.780005
0.0312002
0.2184014
0.1716011
0.0156001
0.0468003
1.4508093
0.0156001
0.2496016
0.5304034
0.1872012
0.8580055
0.0780005
0.1404009
1.0140065
0.3588023
0.6552042
0.1872012
0.1872012
1.5756101
2.0124129
1.6224104
0.2808018
