0.4368028
0.0936006
0.5148033
0.2028013
0.7488048
0.2340015
1.1388073
1.2168078
0.6084039
0.1872012
0.0780005
0.5304034
0.0780005
0.2028013
0.3276021
0.2340015
1.6848108
0.1716011
0.2808018
0.5928038
0.312002
0.0468003
0.4212027
0.5460035
0.6396041
1.1076071
0.780005
0.3432022
0.780005
0.0936006
1.0140065
0.0468003
0.3900025
0.0624004
0.2340015
1.7628113
0.312002
0.1092007
1.0140065
0.2652017
0.2808018
0.2964019
0.0468003
0.4368028
0.1248008
0.4992032
0.2028013
0.3276021
0.9984064
0.0780005
0.1092007
0.8424054
0.2964019
0.1248008
0.2184014
0.1404009
0.0936006
0.8580055
0.0936006
2.2464144
0.5148033
0.8112052
0.2496016
0.1092007
0.3432022
0.6396041
0.2184014
0.4056026
0.1404009
0.7332047
1.0140065
0.2964019
0.2652017
0.0780005
0.0780005
2.0748133
0.0936006
0.2340015
0.5616036
2.964019
0.1716011
0.2496016
0.2652017
0.0780005
0.7176046
0.3276021
0.4056026
0.1404009
0.4992032
0.4992032
0.1716011
0.312002
0.1248008
0.312002
0.3276021
0.9672062
0.3900025
0.2652017
0.4212027
0.3900025
