1.3416086
1.4820095
0.6552042
1.6692107
0.0156001
0.0312002
1.7316111
1.7940115
0.0156001
1.6380105
0.0312002
1.3884089
0.0468003
0.0468003
1.7940115
0.0468003
1.5288098
0.0624004
0.0468003
0.0624004
0.0312002
0.0780005
1.6224104
0.0780005
0.1716011
0.0468003
0.0624004
0.0624004
0.0468003
0.0312002
0.780005
1.6380105
0.9828063
0.156001
0.1092007
0.1716011
0.0468003
0.3276021
0.8892057
0.0780005
1.8408118
0.0312002
0.0624004
1.1232072
1.7316111
0.0624004
1.7316111
0.3900025
0.0468003
0.3900025
0.0936006
0.0312002
0.0468003
1.56001
0.8112052
1.7940115
1.4196091
0.0312002
0.0624004
1.56001
0.0624004
0.0312002
0.0156001
0.1092007
0.2808018
0.0312002
1.7316111
0.0312002
0.9984064
0.0780005
1.6536106
0.1092007
0.0468003
0.1092007
0.8736056
0.0936006
0.7488048
0.6864044
0.0468003
0.0156001
0.4524029
0.0624004
0.2964019
0.0780005
1.6224104
0.0624004
0.0312002
1.2324079
0.0468003
1.7004109
0.0312002
0.0624004
0.7956051
0.0780005
0.0312002
1.6536106
0.0780005
0.0312002
0.0624004
0.624004
